DAT	W	Wroot	OMN	OMS	Tsoil	Eh	Com	Cr	P	FEh	Ebl	Ep	E
160.0	15.303620492142997	1.9601779035392042	159.73726761561755	129.9762811041877	8.428	211.3949672223125	0.286451280194764	0.05448353016824999	0.0013100309781328286	0.01664226677313786	0.0009971984055440635	0.0003114917150953941	0.0013086901206394576
161.0	16.524575678649622	2.104966035557098	159.50194682657886	129.955005806679	7.44	177.89075552274323	0.25659608654739385	0.05997018666031303	0.0017185604312013438	0.02432878092550372	0.0011469307063239989	0.000568982772776334	0.0017159134791003329
162.0	17.840973232965048	2.2602245809469146	159.315957239663	129.9381684797313	5.312	150.23656279454266	0.2028269138635717	0.06600026543452878	0.0018621114645957235	0.033283914558055905	0.0009630755927641351	0.0008945387066437626	0.0018576142994078976
163.0	19.259948621744908	2.4266743899826366	159.12705628098578	129.92104984535925	5.464	124.3129761902805	0.20601959304927348	0.07262588045055504	0.002542824848493058	0.04465091867589827	0.0012456240610360285	0.0012901916088789895	0.002535815669915018
164.0	20.78911716895783	2.6050801353137985	158.9383793022087	129.9039334662725	5.464	100.2060966388442	0.20579335786384767	0.07990382395135671	0.0033459237051814117	0.058679250688594906	0.0015267818739878017	0.001808525129704481	0.0033353070036922826
165.0	22.436597415625844	2.7962520405136893	158.78796179627764	129.89027350728685	3.4120000000000004	79.82637901105241	0.1640774649166957	0.08789592669922551	0.0033694894341847375	0.07392538818994215	0.0010352281531303814	0.0018415383171011903	0.0028767664702315718
166.0	24.211034053461255	3.0010475151501517	158.63258303190412	129.87615111694566	3.716	60.49831540158266	0.169501154714704	0.09666943455594666	0.004345570346061579	0.09202936440437158	0.0013305162253270527	0.0023737953696927497	0.0037043115950198026
167.0	26.1216200825658	3.220372660595185	158.48979057377107	129.86316139740606	2.9560000000000004	43.010173551364915	0.15578217767265334	0.10629739976487723	0.004884406880285693	0.11220265382072409	0.0011507148491945024	0.002666679164394986	0.003817394013589488
168.0	28.178117779889227	3.4551836051650078	158.3002935917276	129.84590919805174	5.540000000000001	24.56776261209749	0.2067491813977823	0.11685908465318522	0.008016419111509077	0.13828553421346124	0.0027804154285515346	0.004374043149510057	0.007154458578061592
169.0	30.390877994638736	3.706487621032558	158.09625241460233	129.82731309850746	6.224	6.819852815998068	0.22263727666954228	0.12844037471817618	0.01059500164542126	0.169095494869003	0.003658564907346253	0.005777330871453773	0.009435895778800026
170.0	32.77085720921471	3.9753439686963645	157.84933116242706	129.8047831367298	7.972	-11.275142209965491	0.2694512139529189	0.1411341971807857	0.015805556397243906	0.2075848608521696	0.005777593092844402	0.008612671572902282	0.014390264665746683
171.0	35.32963171966218	4.262864407661276	157.5651968338833	129.77882167460027	9.264000000000001	-29.251971724247763	0.31009579067330467	0.15504094007095723	0.022399502837157182	0.2544940929198782	0.008188164852123517	0.012196776094950063	0.02038494094707358
172.0	38.07940819849537	4.570213304454427	157.2300279536205	129.74814807745759	10.784	-47.35666735829139	0.36584247740548215	0.17026886574424674	0.03260323876805651	0.3124561613667661	0.011875332306842967	0.017738665067644824	0.02961399737448779
173.0	41.03302980586072	4.898607261263642	156.92492139254617	129.72017277996164	9.948	-62.936734115543246	0.33308185857027495	0.18693451140951872	0.0356053176923536	0.3727985769555979	0.011688842781852442	0.019355377686837053	0.031044220468689494
174.0	44.2039769135902	5.249314180488241	156.61785372045415	129.69196900856898	10.024000000000001	-77.21840011057321	0.335271443484701	0.20516306777055324	0.042380895568118235	0.43829716836200516	0.013026663122836282	0.023017311825476616	0.0360439749483129
175.0	47.60636140255692	5.623651672525547	156.27624965949616	129.6605384332088	11.012	-91.09818901461846	0.37303463631816364	0.22508872525138823	0.0555363741926942	0.5129618218969249	0.016583828144315776	0.030132048144036503	0.046715876288352276
176.0	51.254913389337915	6.022984706431799	155.81587107585625	129.6180972538742	13.748000000000001	-106.32743230064908	0.5028197629745349	0.24685497549470162	0.08957428421503154	0.6095978708845159	0.027284687020569773	0.04854760976441082	0.07583229678498059
177.0	55.16495913675655	6.448722396010467	155.45855695642035	129.58507082483513	11.468	-117.88857084944382	0.3903405484749773	0.27061485391176693	0.07987030662950853	0.694940165191675	0.02115053276174053	0.0432381948128678	0.06438872757460834
178.0	59.35238880855776	6.902313807788531	155.13334554133937	129.55495022543525	10.632	-127.79801702808477	0.35533201448087937	0.29653110704991864	0.08201099201337819	0.7775382238091325	0.019660686836117127	0.04434184301310381	0.06400252984922093
179.0	63.83361264640813	7.3852426727155915	154.79779279810643	129.5238139157901	10.936	-136.9956085771485	0.36668905287808046	0.32477626647111607	0.09475730711646717	0.8629633104267485	0.021484144593317572	0.051164995147655865	0.07264913974097344
180.0	68.62550408384732	7.899020880825688	154.40211395437737	129.48702769437384	12.456	-146.25531026260003	0.43246506514533073	0.35553260876149906	0.12530280820035156	0.9584481460471357	0.028006931095045352	0.0675609595892228	0.09556789068426816
181.0	73.7453282741411	8.445180638184027	154.02673097339508	129.45204887963442	12.0	-154.34080233769873	0.41036179572170783	0.3889919792941626	0.12533506516093162	1.0	0.02581497840594292	0.06747386452118832	0.09328884292713124
182.0	79.21065450574355	9.025265168937452	153.71768958975588	129.4231895020389	10.252	-160.85903284563688	0.33790076123471363	0.4253554555444934	0.10435208426987194	1.0	0.018837523759321118	0.056084408090163115	0.07492193184948423
183.0	85.03925101991328	9.640817853002957	153.41939875907016	129.39528426961098	9.948	-166.69738436336183	0.3261960631136226	0.4648328242314553	0.10193848420423252	1.0	0.0170040967691161	0.05468949178521078	0.07169358855432688
184.0	91.24896084051889	10.293369702725968	153.1478117484439	129.3698332809209	9.112000000000002	-171.77162576973998	0.2970379993163566	0.5076418454757627	0.09401396877293856	1.0	0.014126838769454626	0.0503414795141938	0.06446831828364842
185.0	97.85755738743798	10.9844251006065	152.92219837444458	129.3486572504304	7.44	-176.00611494303436	0.2467894044898168	0.5540072766977766	0.07917880409551424	1.0	0.010126259920862501	0.04231066823531413	0.052436928156176635
186.0	104.88257888365432	11.715445745794653	152.662560142295	129.32425569412965	8.732	-180.2115906438707	0.2840397884503145	0.6041596293173519	0.09245864740021506	1.0	0.011971389339389054	0.04929824693497865	0.0612696362743677
187.0	112.34114089325354	12.487832790294561	152.39899808130502	129.299447918125	8.884	-184.11268737155982	0.2883698369946268	0.6583336326757364	0.09533096869672174	1.0	0.011672064921391207	0.05070987750568397	0.06238194242707518
188.0	120.24972675290483	13.302907187338562	152.0581646135818	129.2673176549755	11.24	-188.26310418771146	0.37296373087272355	0.7167663821975168	0.1253414109929207	1.0	0.015957611488489464	0.06650513797761144	0.08246274946610091
189.0	128.62395619082565	14.161888324619667	151.72092099237418	129.23546246293944	11.164000000000001	-192.02325917078483	0.3690988132436864	0.7796951528697126	0.12623839492975272	1.0	0.015054649183763365	0.06680012450045925	0.08185477368422261
190.0	137.47833306904715	15.065871074093536	151.48395699594514	129.2130352096896	7.972	-194.84766176161378	0.25939124967890687	0.8473548648414905	0.090379171054489	1.0	0.008717380092599706	0.04768678100068804	0.05640416109328775
191.0	146.8259739367434	16.015801457528426	151.2716990503741	129.19291830612178	6.984	-197.31662563298676	0.23237484913881618	0.9199751955136216	0.08255637012742686	1.0	0.007013127245932343	0.043424832130377795	0.05043795937631014
192.0	156.678319938069	17.01245120199809	151.02741277589186	129.1697370171632	8.276	-199.76720814586605	0.2674675634408479	0.9977773420069608	0.09698471257502855	1.0	0.008433500294130931	0.05084615216676052	0.05927965246089145
193.0	167.04483556346952	18.056391540518774	150.74866262657872	129.1432472834869	9.492	-202.19233810785218	0.30523988298944477	1.0809704494064796	0.11308360607315916	1.0	0.009865883121987079	0.059078062342503956	0.06894394546449104
194.0	177.9326987460687	19.14796669773085	150.44871330234295	129.1146961330139	10.176	-204.51557010109212	0.32850047470877736	1.169747733593811	0.12447269496762499	1.0	0.010557071076095773	0.06478464920766953	0.0753417202837653
195.0	189.34648785203714	20.28726758581476	150.15919340803154	129.08708888595646	9.872	-206.60680840087042	0.3171271413688272	1.2642823425913903	0.12302317189281038	1.0	0.009719422357237755	0.06377508677768234	0.0734945091349201
196.0	201.2878721531165	21.47410631780332	149.85538583893918	129.05806958407382	10.328	-151.56742371622948	0.332826870974982	1.3647230167677518	0.13230716155932518	1.0	0.010069940120655796	0.0682972671725106	0.07836720729316639
197.0	213.75531334807744	22.70799221945228	149.4582159230093	129.02006406713284	11.468	-103.16248646147517	0.43517543287085586	1.4711896254400234	0.09960228209714674	0.5881194805938563	0.007490316928250711	0.05118348318587947	0.05867380011413018
198.0	226.74378655648272	23.98811008158731	148.79269717561738	128.9562295990501	15.268	-60.59228034340895	0.7293532154746863	1.5837686746146016	0.10225627210031131	0.3630235795309586	0.008133536855548814	0.052296288810503924	0.06042982566605274
199.0	240.2445298749552	25.31330143671741	147.93230141379289	128.8733750298601	17.016000000000002	-23.153486870814433	0.943250331014455	1.7025088969124786	0.08670478021290692	0.23749853701479878	0.006795411294713546	0.044118346938081095	0.05091375823279464
200.0	254.2448319925772	26.682049660989435	147.60080454900702	128.8412874395168	7.972	9.772434436593542	0.363584455129155	1.8274170490650912	0.023228061671508437	0.1635307460729493	0.001265044077016933	0.011755864288452307	0.01302090836546924
201.0	268.7278674392798	28.092469689923803	147.38037637378386	128.8199082652633	4.0200000000000005	38.72946518960656	0.24180734947666288	1.958454053573965	0.011277116153604933	0.11778033716341976	0.00039095008214260044	0.005675061040750101	0.006066011122892701
202.0	283.67258872783265	29.542303089326992	147.1622745512853	128.7987265995641	3.7920000000000003	64.19601545565138	0.2392834881977755	2.0955316280086707	0.008506757689626184	0.08825235995463389	0.0002686663223223152	0.004255283108711601	0.004523949431033916
203.0	299.0536838989378	31.02891914718532	146.91574893541355	128.77475292417355	4.856	86.59282775262716	0.2704992912622965	2.238509546841825	0.007613556819229229	0.0684682338153518	0.00027141583401338684	0.0037844318038290884	0.0040558476378424755
204.0	314.841606762944	32.549322466364856	146.62945833578297	128.74687072978733	6.224	106.28992829532548	0.314172794016807	2.387193675725726	0.007236450934496734	0.05476964360397815	0.00028454827604278105	0.0035730591037262767	0.0038576073797690577
205.0	331.0026854501279	34.10016756440211	146.3120011077296	128.71589952055595	7.212000000000001	123.61274033860695	0.3484284372847469	2.5413349060236086	0.0067600650072185695	0.04500667843736573	0.000274172301518959	0.003314484916750859	0.0035886572182698183
206.0	347.499312764537	35.67778048017351	145.93989535533802	128.6795267720055	8.732	116.08204552660706	0.4084785009420289	2.7006290979302006	0.008860858745620726	0.04901658758726128	0.00037673313630312425	0.004312581776206308	0.004689314912509432
207.0	364.2902193476711	37.27818747556711	145.57595123913927	128.64387118277978	10.100000000000001	108.94936762213288	0.39959970542448425	2.8647181138408206	0.0103514412847568	0.05314349879607491	0.0004495028700683176	0.004999211267022423	0.005448714137090741
208.0	381.3308278945302	38.89715049366214	145.09292839717094	128.59644429535504	11.696	102.18790690510652	0.5304497293930808	3.0331919904807356	0.014507763881983552	0.05737597532650117	0.000642070718817849	0.006949931025161284	0.007592001743979133
209.0	398.5736837521473	40.53020884907039	144.55333130767494	128.54330573265148	13.520000000000001	95.7729632682358	0.5927356521995776	3.205592259958908	0.01861017934629805	0.06170274145550211	0.0008370262924135045	0.008839913132435822	0.009676939424849327
210.0	415.9689543187859	42.17272637565071	143.8642009224344	128.4752162162554	14.812	89.68180427304877	0.757219901636595	3.381416388140214	0.024895491953571762	0.06611274202698836	0.0011138234753401074	0.011721197212146768	0.012835020687486876
211.0	433.4649869126304	43.819943034870164	142.72456580459402	128.36213513992448	20.284	83.89353422309645	1.2527161941713085	3.560123255723214	0.04721399181274247	0.07059518147589752	0.0022700700787413107	0.022024750841500438	0.02429482092024175
212.0	451.0089123549485	45.467029799182285	142.249260716607	128.31463792379824	11.848	78.38896458515677	0.5228023041132345	3.7411395656108857	0.020938000955033592	0.07513954717300012	0.0007969169866644914	0.00967384269899732	0.010470759685661812
213.0	468.5472795649215	47.109145480846564	141.91071238726008	128.28070632288788	9.948	73.15048633271734	0.37247993025730014	3.9238670220839764	0.017351669155741583	0.07973562175028516	0.0005923321505271564	0.00793711889003279	0.008529451040559946
214.0	486.0267051167739	48.74149408706489	141.51560254685143	128.24102176932433	11.848	68.16194497121252	0.4347943939721879	4.107690095305773	0.022642856091953614	0.08437348858579947	0.0008039088724139314	0.010250504926532693	0.011054413798946625
215.0	503.394521053072	50.3593812532697	140.96073737043784	128.18515319300806	13.14	63.408519121397795	0.6107337527298643	4.291984160831145	0.030871283378073537	0.0890435339465454	0.001105251322172105	0.013826000608526281	0.014931251930698386
216.0	520.5994043248313	51.95826834006334	140.52564549110014	128.14119113327558	11.848	58.87660358169502	0.47905393907018284	4.476123789560004	0.027544991420291032	0.09373644849881282	0.0009174077951029794	0.012199697761806096	0.013117105556909075
217.0	537.5919720342756	53.53382287375018	140.1102395904021	128.09910264573122	11.24	54.55369776432182	0.4574943882423874	4.659490959801865	0.027929212986857094	0.09844323007909946	0.0008835890178540792	0.012228358206128026	0.013111947223982106
218.0	554.3253281361518	55.0819641597036	139.80255324022602	128.0678460315195	9.568000000000001	50.428300311189126	0.3389429643878027	4.841482969905841	0.02372845796060925	0.10315518884418325	0.0006810259420980921	0.010266506911982868	0.01094753285408096
219.0	570.755549311476	56.59890309262403	139.4301616808182	128.0299422690835	9.872	46.48981055612727	0.41029532184382855	5.021519846630265	0.027971468926039075	0.10786395523798681	0.0007921079126519431	0.011955164720819167	0.012747272633471111
220.0	586.8421002320264	58.08117541608681	138.87639039590002	127.97344301145145	14.508000000000001	42.728437325167626	0.6102705425502237	5.1990510697894425	0.047355652114247145	0.11256149065967162	0.0015265448848387154	0.01998690917029301	0.021513454055131723
221.0	602.5481712305946	59.525667932115425	138.44262970068743	127.92903113517696	11.696	39.13511537274385	0.4781725714870866	5.373561465906941	0.037907329470914485	0.11724010030843929	0.0010962739283540675	0.01579357262808466	0.01688984655643873
222.0	617.8409343171065	60.92963741580138	138.2064703822611	127.90478392103398	7.364000000000001	35.701429554638096	0.26040653256930224	5.544576160457312	0.023747624374626696	0.12189244741672349	0.0005447301253424424	0.009763697968037163	0.010308428093379604
223.0	632.6917163739125	62.290722236859324	137.98015856688954	127.88151248779049	5.768000000000001	32.41954665217769	0.24958324861505513	5.71166451746852	0.022142766692423713	0.12651156795326088	0.0004360349627579809	0.008980916616086097	0.009416951578844078
224.0	647.0760910796743	63.606946917611936	137.73475307726073	127.85624087908603	6.148	29.28215459750731	0.27067709833325876	5.874443034499647	0.024711689953500905	0.1310908848605742	0.0004939035065357966	0.009884342253301554	0.01037824575983735
225.0	660.9738935296701	64.87672005567072	137.4486667043347	127.82673333538592	7.972	26.28240871415186	0.315593916626136	6.032577198227029	0.031199289496161006	0.13562422096234023	0.0006988238103957929	0.012303056477528385	0.013001880287924178
226.0	674.3691635509982	66.0988262027231	137.04290163027326	127.78480445049746	10.48	23.41388448442847	0.447693958949879	6.185782339336172	0.04434340130225308	0.14010580980813317	0.0011033237187750692	0.017234211251520856	0.018337534970295926
227.0	687.2500252974371	67.27241241433558	136.5896656230345	127.7378469942184	12.0	20.67053628623672	0.5001934635178192	6.333823553827315	0.053730503993627235	0.14453030389064445	0.0013892871879415652	0.020575639241183094	0.02196492642912466
228.0	699.6085118271574	68.39697026844578	136.10452192826165	127.68743549283867	12.304000000000002	18.04666150440945	0.5355551961525948	6.4765147803723915	0.0587917811020412	0.14889277985158814	0.001510213804136111	0.022176850404784773	0.023687064208920885
229.0	711.4403440236674	69.47231419347702	135.68906712677713	127.64412861416339	12.152000000000001	15.53686941231992	0.45876168015981117	6.613717139647609	0.0574756639954627	0.15318874046952838	0.0014463542766043906	0.021350293274233254	0.022796647550837643
230.0	722.7446734480699	70.49855695415226	135.2695613870404	127.60028045312613	11.392	13.136054232860193	0.4633539007739809	6.745336651666503	0.056811316766677306	0.1574141133831971	0.0013723944506791594	0.02077696235426147	0.02214935680494063
231.0	733.5237985597299	71.47608311889974	134.90367315452636	127.56193114970186	11.468	10.839371818826443	0.40423753593830203	6.871321451460062	0.05676759521079189	0.16156524663959687	0.0013562801114372085	0.020434817753620483	0.02179109786505769
232.0	743.7828632761452	72.40552128295303	134.50859107771316	127.52042216324223	10.632	8.642219435866064	0.4365910632728347	6.991658622662958	0.05676614858718822	0.16563890126354863	0.001297295960270195	0.02010867422874679	0.021405970189016982
233.0	753.5295461308007	73.28771575201426	134.16508535914275	127.48423777953144	9.72	6.540218181650463	0.37969010228119016	7.106370763508959	0.05245864964741827	0.16963224112381012	0.0011394882997503091	0.018282702498798594	0.019422190798548903
234.0	762.7737474004434	74.12369830871114	133.81359150033092	127.44712767202233	9.644000000000002	4.529197628765555	0.3886039663209353	7.215512391340341	0.05433378793141633	0.17354282042232289	0.0011628808893955015	0.018626569558884695	0.019789450448280198
235.0	771.5272805772313	74.9146605937359	133.50523923821177	127.41449636614074	8.808	2.6051823327331296	0.3409835680007293	7.31916628093128	0.050494950446039195	0.17736856916085794	0.0010265267736623714	0.01702415167953735	0.01805067845319972
236.0	779.8035735162563	75.6619275404621	133.20189933926238	127.38232958820676	8.276	0.7643798982106518	0.3355066768833694	7.417439819598788	0.049752967714709814	0.18110777694743038	0.0009727764851452905	0.016493421257470425	0.017466197742615715
237.0	787.6173835456701	76.36693221019914	132.87330241995562	127.34741396906483	9.416	-0.9968296558396568	0.36351253844870435	7.510461449017677	0.05717559980001619	0.18475907549762272	0.0011752182251220538	0.018633771030872485	0.01980898925599454
238.0	794.984529825601	77.0311922883185	132.511565171927	127.30889247508544	10.404	-2.68190344831308	0.40025874200800277	7.598377250537855	0.0652282195221038	0.18832142016747566	0.0013883185646168517	0.020895469932261174	0.022283788496878027
239.0	801.9216453136297	77.65628842168803	132.0618533418007	127.26088633820218	12.608	-4.294144384098602	0.49771796700954996	7.6813477181588246	0.08463495051291994	0.1917940708284992	0.0019334572868932337	0.02664559514622447	0.028579052433117706
240.0	808.4459498595775	78.24384450676621	131.6892433269678	127.22099031848263	11.315999999999999	-5.836709044444704	0.41250603455244667	7.759544751548564	0.07423992659063287	0.19517657236465957	0.0016114437516942246	0.02296723555432236	0.024578679306016586
241.0	814.5750452229836	78.7955099761931	131.24076490903508	127.17285016078644	12.532	-7.312614938440841	0.4966185756289375	7.833148890877219	0.08820869437557877	0.19846873503834486	0.0019812261673991683	0.026811330098962853	0.02879255626636202
242.0	820.326732187912	79.31294408005374	130.69958284465056	127.11458264033239	14.584000000000001	-8.724747211722137	0.5994495848385721	7.902346805933384	0.1117508440423068	0.20167061493913235	0.0026431841846174127	0.033368560022064786	0.0360117442066822
243.0	825.7188494408209	79.79780211597097	129.81009840248248	127.01846191899708	18.612000000000002	-10.075864889799448	0.985605163503387	7.967329044070914	0.18056882189695841	0.20478249469700444	0.0046312530058157655	0.05296103928052112	0.05759229228633689
244.0	830.7691334729866	80.25172352925017	128.6470513710787	126.89201357733286	21.272	-11.368606718235439	1.2894953730679952	8.02828803499168	0.24501777513260756	0.20780486461137324	0.006534198737042253	0.07058121201994308	0.07711541075698533
245.0	835.495098461092	80.67632177965845	127.85438897302336	126.80514150136626	17.32	-12.605496649690899	0.8795344740219425	8.085416345141017	0.16428545498379693	0.21073840431941282	0.004065177910699612	0.04647530732538655	0.05054048523608616
246.0	839.9139348578911	81.0731758541366	127.0477425244445	126.7162496526214	17.396	-13.788949018152863	0.8955382973237235	8.138905170476056	0.16916982743747258	0.21358396510204883	0.004171944306891017	0.0469931469338165	0.05116509124070752
247.0	844.0424252781106	81.44382329378914	126.21798828931621	126.62429529250831	18.688000000000002	-14.92127343297823	0.9217085952413795	8.188943053435011	0.19188217045150835	0.21634255290359214	0.00482867550111396	0.05233525739725936	0.05716393289837332
248.0	847.896876181519	81.7897545978908	124.93199482199361	126.48094715968446	23.171999999999997	-16.004679419353238	1.4293416001464443	8.23571480794803	0.31454052143644956	0.21901531212138337	0.008460820287995033	0.08422611739587682	0.09268693768387186
249.0	851.4930638242499	82.11240886638836	123.36741743358039	126.3049498720996	24.311999999999998	-17.0412808270493	1.7405746759980945	8.279400635144283	0.3693310176793046	0.22160351020479735	0.010046800039192255	0.09708703286077862	0.10713383289997087
250.0	854.846192960626	82.41317054458102	122.54980187943069	126.21194053847215	18.916000000000004	-18.033100025674138	0.9106248877771428	8.320175411886538	0.20407628503101097	0.22410852308835516	0.00509615335111158	0.052659950870300475	0.05775610422141206
251.0	857.970866821438	82.69336713851499	122.15147630537136	126.16635957383833	12.456	-18.982071901748764	0.44390653869315083	8.358208134273536	0.10154607000667118	0.22653182147128761	0.0021680556457600564	0.0257195234164891	0.027887579062249156
252.0	860.8810669626176	82.95426777642376	121.75289960356349	126.12061766842436	12.228000000000002	-19.89004767070432	0.44431860722185734	8.393661498674295	0.10107345307637929	0.22887495794546875	0.002135421570229956	0.02512582327508663	0.027261244845316585
253.0	863.590141663323	83.19708249967164	121.31544054587319	126.0702674128017	13.368	-4.089387621110909	0.4878093133129627	8.42669160359333	0.09523494523496683	0.19134951400025899	0.0020776193542189477	0.023234664772540672	0.02531228412675962
254.0	866.1108016486378	83.42296217562466	120.79917224493043	126.01065598213454	14.128000000000002	-5.640727270433604	0.5758797316099161	8.45744775662212	0.1080443179226609	0.1947435415406931	0.0024008131679294246	0.025868675826841128	0.028269488994770553
255.0	868.4551220144496	83.63299893424767	120.21967903620234	125.94349003314483	15.192	-7.125048697580759	0.646659157717802	8.486072371835336	0.12376908159794028	0.1980472880842935	0.002818540013725642	0.02907995052340999	0.03189849053713563
256.0	870.6345493366588	83.82822703970726	119.52180290386852	125.8622563778328	16.636000000000003	-8.545247191433479	0.7791097876458513	8.512700944178263	0.1488900784174693	0.20126076666383408	0.003495604319079263	0.034326943068074316	0.03782254738715358
257.0	872.6599130506258	84.00962411757553	118.84474247984534	125.78303665891839	17.928	-9.904092934957156	0.7562801429375907	8.537462088615703	0.16680609209958067	0.20438422241061396	0.004011732491656124	0.03773543045094341	0.04174716294259953
258.0	874.5414402873625	84.17811266720014	118.08682416175766	125.69390705110754	18.232	-11.204236418242472	0.847047925898524	8.56047763303325	0.1790299380748316	0.20741811287943054	0.004322133977001589	0.03973860805178473	0.04406074202878632
259.0	876.2887734487582	84.3345617973032	117.42021097931651	125.61506749481065	16.636000000000003	-12.44821361528771	0.7454527387380523	8.581862755070798	0.15461704937124968	0.2103630890683185	0.0036082662659485125	0.03367261394050528	0.037280880206453794
260.0	877.910989893953	84.4797891308001	116.87350651825044	125.5500831135929	16.104	-13.638450935411269	0.6116888422838173	8.60172615420359	0.14280397761784447	0.21321997719849656	0.0032884000638845365	0.03051239590775347	0.03380079597163801
261.0	879.4166231921356	84.61456283213931	116.32636503565149	125.4847763647633	15.268	-14.777269959522293	0.6124482314285339	8.620170251454025	0.13535262172638624	0.2159897613039443	0.0030521584338038615	0.028372948656145713	0.031425107089949576
262.0	880.8136854731831	84.73960371713383	115.81425086569551	125.42339491146025	15.572	-15.866891970897292	0.5734956232590347	8.63729141010842	0.13836765856283764	0.21867356666581889	0.0031380770770363395	0.028455124142609266	0.03159320121964561
263.0	882.1096904765949	84.85558741128409	115.20781273510849	125.35042219046431	16.408	-16.909442289594008	0.679410851582967	8.653180171721937	0.15672570092670177	0.22127264411441758	0.003617176274794432	0.0316185169311178	0.03523569320591223
264.0	883.3116769612042	84.96314652799242	114.36891160045519	125.24900486765881	19.144	-17.906954419167278	0.9403184574588043	8.667921502520782	0.21572751568947193	0.22378835521048307	0.005246718706642408	0.04269435024801982	0.04794106895466223
265.0	884.4262321934399	85.06287284286418	113.25761521592416	125.11378089587627	22.944000000000003	-18.86137401392553	1.2465203563135767	8.68159504605382	0.3203914350973628	0.22622215830821707	0.008260514797225485	0.06220115113674966	0.07046166593397515
266.0	885.4595152808281	85.15531944453573	111.70194132837491	124.92283347869702	24.768	13.547176009713052	1.7466213047285062	8.694275378609662	0.2808976333824499	0.15668236725543738	0.007411034268128843	0.05349437590377137	0.06090541017190021
267.0	886.4172801603663	85.24100284616566	110.50884639220675	124.77457702817964	22.108000000000004	42.049199413502244	1.341351386685545	8.706032264502927	0.1531208171551997	0.11343133610643619	0.0038929264418929577	0.02860404194923517	0.03249696839112813
268.0	887.3048980888876	85.32040504496763	109.97050926391226	124.70704016506923	14.736	67.11558891619869	0.6058739914048807	8.716930908851038	0.05153389759722334	0.08538000483268478	0.0011374643149506803	0.009443012654276762	0.010580476969227441
269.0	888.1273795149771	85.3939755199375	109.46265314511848	124.64305004643711	14.128000000000002	89.1604758282401	0.571846237425898	8.72703220591468	0.0376709776573026	0.06650451807039218	0.0008177521558043441	0.006770812931575365	0.007588565087379709
270.0	888.889395239939	85.46213316033288	108.87203675775869	124.56832519146728	15.496	108.54807207190403	0.6653412423296142	8.736392981467501	0.03518235031561406	0.053385746747678244	0.0007897542090176407	0.006202512323601571	0.006992266532619212
271.0	889.5952967991811	85.52526811949201	108.1780530145396	124.48009889165762	17.016000000000002	125.59868746435671	0.7822100430287554	8.745066227999027	0.03424740204698392	0.04400500985244129	0.0007944282597662353	0.005922053885854272	0.006716482145620507
272.0	890.2491360156262	85.58374359031097	107.6253066557983	124.40942741842875	15.040000000000001	140.59402167740316	0.6234178319701787	8.753101331844425	0.023210235174848187	0.0371274417735544	0.00051460012944705	0.003936586341243015	0.004451186470690065
273.0	890.8546836938121	85.63789750014132	107.10128560742699	124.34212276200464	14.66	153.78181830440897	0.591325704795421	8.76054429158141	0.01912564487620233	0.03197309191898454	0.00041977084034539746	0.003181602371595736	0.003601373211941133
274.0	891.4154474375739	85.68804412407269	106.46386082205828	124.25989659796402	16.560000000000002	165.3799579259955	0.7196509494093324	8.76743792724267	0.020606807467480358	0.02803486990608656	0.0004725300280543596	0.00336220815107446	0.0038347381791288197
275.0	891.9346885859741	85.73447561655917	105.47788525782168	124.13203138131873	20.664	175.580057797596	1.1138407808818835	8.773822080066772	0.028723882195564376	0.024974316512069893	0.0007102282171277944	0.004596592371226354	0.005306820588354149
276.0	892.4154382717853	85.77746346215463	104.47688261031657	124.00113875997901	20.968000000000004	184.55063763067378	1.1318952688448245	8.779733802655299	0.02672128163010731	0.022560066759755523	0.000663565373760322	0.004193961037518802	0.004857526411279124
277.0	892.8605126146182	85.8172598467645	103.60256830481413	123.88583843196204	19.904	192.43990377067237	0.989614633519415	8.78520753952339	0.021653125382024272	0.020630482249037338	0.0005282614124391377	0.0033331708904528645	0.003861432302892002
278.0	893.2725270669828	85.85409895134183	102.78498328099838	123.77721048767013	19.448	199.37819777015554	0.9262129681076574	8.790275298127643	0.018968370776977987	0.019070367761657183	0.0004589797298271756	0.002863735196742825	0.0033227149265700005
279.0	893.6539099364256	85.88819817034368	101.90302832079257	123.65920154504776	20.284	205.480149810941	0.9999639028281694	8.794966810533445	0.01933767487218815	0.017796116294529242	0.00047436333628628305	0.002863315299227222	0.003337678635513505
280.0	894.0069151105633	85.91975925756526	100.94381256980245	123.52986741693762	21.196000000000005	210.84657255273015	1.088549879100266	8.799309685945016	0.020045791849953212	0.01674602287955555	0.0004987358316790345	0.002911030547316511	0.0034097663789955453
