     5.3
     4.0
     1.2
     1.4
     1.4
    -1.3
    -0.9
    -1.9
     1.5
     2.4
     4.7
     6.4
     8.4
     7.3
     7.4
     8.7
    12.3
     9.3
     8.2
     8.6
    10.6
    10.0
     7.7
     7.3
     6.2
     4.0
     5.7
     5.9
     9.0
     8.9
     4.7
     3.4
     5.1
     6.7
     7.6
     7.2
     7.8
     9.3
    14.3
    16.6
     4.7
    -0.5
    -0.8
     0.6
     2.4
     3.7
     5.7
     7.5
     9.6
    12.0
    13.7
    20.9
     9.8
     7.3
     9.8
    11.5
     9.8
     9.0
     6.8
     7.2
    13.3
     9.6
     3.9
     1.8
     2.3
     4.7
     8.0
    10.0
    10.4
    10.2
     9.2
     9.3
     8.2
     7.0
     6.9
     5.8
     5.1
     6.6
     7.9
    10.8
     9.1
    10.7
    13.4
    18.7
    22.2
    17.0
    17.1
    18.8
    24.7
    26.2
    19.1
    10.6
    10.3
    11.8
    12.8
    14.2
    16.1
    17.8
    18.2
    16.1
    15.4
    14.3
    14.7
    15.8
    19.4
    24.4
    26.8
    23.3
    13.6
    12.8
    14.6
    16.6
    14.0
    13.5
    16.0
    21.4
    21.8
    20.4
    19.8
    20.9
    22.1
    23.1
    24.3
    22.5
    23.7
    25.0
    20.3
    19.0
    16.3
    14.7
    18.5
    20.0
    20.7
    21.7
    21.8
    19.7
    18.7
    20.9
    22.8
    24.0
    20.2
    18.7
    19.5
    21.7
    23.6
    25.7
    21.1
    19.6
    23.7
    25.6
    26.2
    26.5
    25.9
    26.1
    25.8
    23.6
    23.7
    26.3
    27.1
    27.2
    25.4
    21.4
    23.3
    23.2
    24.1
    26.9
    27.6
    28.4
    28.6
    29.6
    25.7
    27.7
    29.8
    28.6
    27.8
    26.3
    25.5
    22.6
    24.9
    28.8
    30.1
    31.0
    30.7
    31.2
    31.7
    29.3
    25.3
    27.2
    29.8
    29.5
    23.1
    27.7
    31.7
    32.2
    32.7
    33.3
    33.3
    31.3
    31.0
    32.5
    32.1
    33.1
    30.8
    31.9
    32.7
    32.1
    32.3
    33.3
    33.7
    33.8
    34.3
    34.5
    34.4
    35.1
    32.5
    30.2
    29.1
    29.7
    31.3
    32.5
    33.8
    29.7
    27.3
    22.7
    23.9
    25.5
    26.1
    22.7
    21.9
    23.8
    26.2
    28.5
    26.8
    29.3
    31.6
    32.6
    32.6
    30.6
    31.8
    31.8
    33.0
    29.6
    21.6
    21.7
    21.3
    23.3
    24.0
    27.5
    28.8
    24.6
    23.4
    21.8
    22.4
    23.4
    24.5
    26.2
    28.1
    26.6
    27.0
    26.2
    28.3
    26.2
    19.9
    19.1
    21.7
    22.4
    23.4
    25.4
    25.6
    25.9
    25.8
    23.6
    25.1
    25.7
    16.7
    14.6
    14.3
    13.7
    15.0
    16.9
    19.3
    22.2
    24.8
    27.1
    15.2
    11.0
    14.3
    15.7
    17.1
    17.7
    17.2
    17.8
    18.5
    17.4
    19.3
    17.8
    19.6
    19.0
    19.7
    21.8
    21.5
    20.8
    20.0
    20.3
    21.9
    23.7
    20.3
    19.3
    20.8
    24.5
    20.0
     6.0
     4.8
     4.9
     7.4
     8.9
     9.6
    14.9
    14.6
    14.1
    13.2
    12.3
    11.3
    11.0
    11.8
     9.8
    12.3
    13.6
    13.3
    10.5
     9.0
     8.5
     8.7
     8.6
    10.6
    10.7
    10.6
     9.1
     7.7
     7.2
     6.1
     4.2
     4.0
     4.9
     5.2
     5.2
     4.1
     4.2
     3.8
     5.3
     3.9
     7.3
     5.1
     3.3
     5.9
     9.1
    11.7
    10.6
    10.3
     6.7
     4.6
     8.4
     8.7
     5.8
     4.6
